GPRC5B_pocket_residue,closest gprc5bb_pocket_residue within 3.0 angstroms
LEU 106 (chain A),LEU 103 (chain A)
GLY 108 (chain A),SER 105 (chain A)
LEU 109 (chain A),LEU 106 (chain A)
THR 110 (chain A),SER 107 (chain A)
PHE 111 (chain A),LEU 108 (chain A)
ALA 112 (chain A),VAL 109 (chain A)
PHE 113 (chain A),PHE 110 (chain A)
ILE 114 (chain A),MET 111 (chain A)
ILE 115 (chain A),NO ALIGNED RESIDUE
ILE 121 (chain A),NO ALIGNED RESIDUE
CYS 122 (chain A),NO ALIGNED RESIDUE
VAL 124 (chain A),VAL 121 (chain A)
ARG 125 (chain A),ARG 122 (chain A)
ARG 126 (chain A),ARG 123 (chain A)
PHE 127 (chain A),NO ALIGNED RESIDUE
LEU 128 (chain A),LEU 125 (chain A)
TRP 129 (chain A),TRP 126 (chain A)
GLY 130 (chain A),GLY 127 (chain A)
PHE 133 (chain A),PHE 130 (chain A)
TYR 195 (chain A),NO ALIGNED RESIDUE
PHE 200 (chain A),PHE 197 (chain A)
LEU 204 (chain A),CYS 201 (chain A)
TRP 247 (chain A),TRP 254 (chain A)
TRP 250 (chain A),TRP 257 (chain A)
LEU 272 (chain A),LEU 280 (chain A)
ALA 273 (chain A),ALA 281 (chain A)
LEU 276 (chain A),LEU 284 (chain A)
